01101000 01110100 01110100 01110000 01110011 00111010 00101111 00101111 01110100 01110010 01100001 01101110 01110011 01101100 01100001 01110100 01100101 00101110 
01100111 01101111 01101111 01100111 01101100 01100101 00101110 01100011 01100001 00101111 00100011 01110110 01101001 01100101 01110111 00111101 01101000 01101111
01101101 01100101 00100110 01101111 01110000 00111101 01110100 01110010 01100001 01101110 01110011 01101100 01100001 01110100 01100101 00100110 01110011 01101100
00111101 01100001 01110101 01110100 01101111 00100110 01110100 01101100 00111101 01100101 01101110 00100110 01110100 01100101 01111000 01110100 00111101 01101000
01110100 01110100 01110000 01110011 00100101 00110011 01000001 00100101 00110010 01000110 00100101 00110010 01000110 01110111 01110111 01110111 00101110 01111001
01101111 01110101 01110100 01110101 01100010 01100101 00101110 01100011 01101111 01101101 00100101 00110010 01000110 01110111 01100001 01110100 01100011 01101000
00100101 00110011 01000110 01110110 00100101 00110011 01000100 01100100 01010001 01110111 00110100 01110111 00111001 01010111 01100111 01011000 01100011 01010001
00100101 00110010 00110000 01000011 01001111 01010000 01011001 00100101 00110010 00110000 01000001 01001110 01000100 00100101 00110010 00110000 01010000 01000001 
01010011 01010100 01000101 00100101 00110010 00110000 01010100 01001000 01001001 01010011

User Info Bot is the best! (that doesnt translate to this)
